0.0000000000000000e+00
1.0000000000000000e-04
2.0000000000000001e-04
3.0000000000000003e-04
4.0000000000000002e-04
5.0000000000000001e-04
6.0000000000000006e-04
7.0000000000000010e-04
8.0000000000000015e-04
9.0000000000000019e-04
1.0000000000000002e-03
1.1000000000000003e-03
1.2000000000000003e-03
1.3000000000000004e-03
1.4000000000000004e-03
1.5000000000000005e-03
1.6000000000000005e-03
1.7000000000000006e-03
1.8000000000000006e-03
1.9000000000000006e-03
2.0000000000000005e-03
2.1000000000000003e-03
2.2000000000000001e-03
2.3000000000000000e-03
2.3999999999999998e-03
2.4999999999999996e-03
2.5999999999999994e-03
2.6999999999999993e-03
2.7999999999999991e-03
2.8999999999999989e-03
2.9999999999999988e-03
3.0999999999999986e-03
3.1999999999999984e-03
3.2999999999999982e-03
3.3999999999999981e-03
3.4999999999999979e-03
3.5999999999999977e-03
3.6999999999999976e-03
3.7999999999999974e-03
3.8999999999999972e-03
3.9999999999999975e-03
4.0999999999999977e-03
4.1999999999999980e-03
4.2999999999999983e-03
4.3999999999999985e-03
4.4999999999999988e-03
4.5999999999999991e-03
4.6999999999999993e-03
4.7999999999999996e-03
4.8999999999999998e-03
5.0000000000000001e-03
5.1000000000000004e-03
5.2000000000000006e-03
5.3000000000000009e-03
5.4000000000000012e-03
5.5000000000000014e-03
5.6000000000000017e-03
5.7000000000000019e-03
5.8000000000000022e-03
5.9000000000000025e-03
6.0000000000000027e-03
6.1000000000000030e-03
6.2000000000000033e-03
6.3000000000000035e-03
6.4000000000000038e-03
6.5000000000000040e-03
6.6000000000000043e-03
6.7000000000000046e-03
6.8000000000000048e-03
6.9000000000000051e-03
7.0000000000000053e-03
7.1000000000000056e-03
7.2000000000000059e-03
7.3000000000000061e-03
7.4000000000000064e-03
7.5000000000000067e-03
7.6000000000000069e-03
7.7000000000000072e-03
7.8000000000000074e-03
7.9000000000000077e-03
8.0000000000000071e-03
8.1000000000000065e-03
8.2000000000000059e-03
8.3000000000000053e-03
8.4000000000000047e-03
8.5000000000000041e-03
8.6000000000000035e-03
8.7000000000000029e-03
8.8000000000000023e-03
8.9000000000000017e-03
9.0000000000000011e-03
9.1000000000000004e-03
9.1999999999999998e-03
9.2999999999999992e-03
9.3999999999999986e-03
9.4999999999999980e-03
9.5999999999999974e-03
9.6999999999999968e-03
9.7999999999999962e-03
9.8999999999999956e-03
9.9999999999999950e-03
1.0099999999999994e-02
1.0199999999999994e-02
1.0299999999999993e-02
1.0399999999999993e-02
1.0499999999999992e-02
1.0599999999999991e-02
1.0699999999999991e-02
1.0799999999999990e-02
1.0899999999999990e-02
1.0999999999999989e-02
1.1099999999999988e-02
1.1199999999999988e-02
1.1299999999999987e-02
1.1399999999999987e-02
1.1499999999999986e-02
1.1599999999999985e-02
1.1699999999999985e-02
1.1799999999999984e-02
1.1899999999999984e-02
1.1999999999999983e-02
1.2099999999999982e-02
1.2199999999999982e-02
1.2299999999999981e-02
1.2399999999999980e-02
1.2499999999999980e-02
1.2599999999999979e-02
1.2699999999999979e-02
1.2799999999999978e-02
1.2899999999999977e-02
1.2999999999999977e-02
1.3099999999999976e-02
1.3199999999999976e-02
1.3299999999999975e-02
1.3399999999999974e-02
1.3499999999999974e-02
1.3599999999999973e-02
1.3699999999999973e-02
1.3799999999999972e-02
1.3899999999999971e-02
1.3999999999999971e-02
1.4099999999999970e-02
1.4199999999999970e-02
1.4299999999999969e-02
1.4399999999999968e-02
1.4499999999999968e-02
1.4599999999999967e-02
1.4699999999999967e-02
1.4799999999999966e-02
1.4899999999999965e-02
1.4999999999999965e-02
1.5099999999999964e-02
1.5199999999999964e-02
1.5299999999999963e-02
1.5399999999999962e-02
1.5499999999999962e-02
1.5599999999999961e-02
1.5699999999999961e-02
1.5799999999999960e-02
1.5899999999999959e-02
1.5999999999999959e-02
1.6099999999999958e-02
1.6199999999999957e-02
1.6299999999999957e-02
1.6399999999999956e-02
1.6499999999999956e-02
1.6599999999999955e-02
1.6699999999999954e-02
1.6799999999999954e-02
1.6899999999999953e-02
1.6999999999999953e-02
1.7099999999999952e-02
1.7199999999999951e-02
1.7299999999999951e-02
1.7399999999999950e-02
1.7499999999999950e-02
1.7599999999999949e-02
1.7699999999999948e-02
1.7799999999999948e-02
1.7899999999999947e-02
1.7999999999999947e-02
1.8099999999999946e-02
1.8199999999999945e-02
1.8299999999999945e-02
1.8399999999999944e-02
1.8499999999999944e-02
1.8599999999999943e-02
1.8699999999999942e-02
1.8799999999999942e-02
1.8899999999999941e-02
1.8999999999999941e-02
1.9099999999999940e-02
1.9199999999999939e-02
1.9299999999999939e-02
1.9399999999999938e-02
1.9499999999999938e-02
1.9599999999999937e-02
1.9699999999999936e-02
1.9799999999999936e-02
1.9899999999999935e-02
1.9999999999999934e-02
2.0099999999999934e-02
2.0199999999999933e-02
2.0299999999999933e-02
2.0399999999999932e-02
2.0499999999999931e-02
2.0599999999999931e-02
2.0699999999999930e-02
2.0799999999999930e-02
2.0899999999999929e-02
2.0999999999999928e-02
2.1099999999999928e-02
2.1199999999999927e-02
2.1299999999999927e-02
2.1399999999999926e-02
2.1499999999999925e-02
2.1599999999999925e-02
2.1699999999999924e-02
2.1799999999999924e-02
2.1899999999999923e-02
2.1999999999999922e-02
2.2099999999999922e-02
2.2199999999999921e-02
2.2299999999999921e-02
2.2399999999999920e-02
2.2499999999999919e-02
2.2599999999999919e-02
2.2699999999999918e-02
2.2799999999999918e-02
2.2899999999999917e-02
2.2999999999999916e-02
2.3099999999999916e-02
2.3199999999999915e-02
2.3299999999999915e-02
2.3399999999999914e-02
2.3499999999999913e-02
2.3599999999999913e-02
2.3699999999999912e-02
2.3799999999999912e-02
2.3899999999999911e-02
2.3999999999999910e-02
2.4099999999999910e-02
2.4199999999999909e-02
2.4299999999999908e-02
2.4399999999999908e-02
2.4499999999999907e-02
2.4599999999999907e-02
2.4699999999999906e-02
2.4799999999999905e-02
2.4899999999999905e-02
2.4999999999999904e-02
2.5099999999999904e-02
2.5199999999999903e-02
2.5299999999999902e-02
2.5399999999999902e-02
2.5499999999999901e-02
2.5599999999999901e-02
2.5699999999999900e-02
2.5799999999999899e-02
2.5899999999999899e-02
2.5999999999999898e-02
2.6099999999999898e-02
2.6199999999999897e-02
2.6299999999999896e-02
2.6399999999999896e-02
2.6499999999999895e-02
2.6599999999999895e-02
2.6699999999999894e-02
2.6799999999999893e-02
2.6899999999999893e-02
2.6999999999999892e-02
2.7099999999999892e-02
2.7199999999999891e-02
2.7299999999999890e-02
2.7399999999999890e-02
2.7499999999999889e-02
2.7599999999999889e-02
2.7699999999999888e-02
2.7799999999999887e-02
2.7899999999999887e-02
2.7999999999999886e-02
2.8099999999999885e-02
2.8199999999999885e-02
2.8299999999999884e-02
2.8399999999999884e-02
2.8499999999999883e-02
2.8599999999999882e-02
2.8699999999999882e-02
2.8799999999999881e-02
2.8899999999999881e-02
2.8999999999999880e-02
2.9099999999999879e-02
2.9199999999999879e-02
2.9299999999999878e-02
2.9399999999999878e-02
2.9499999999999877e-02
2.9599999999999876e-02
2.9699999999999876e-02
2.9799999999999875e-02
2.9899999999999875e-02
2.9999999999999874e-02
3.0099999999999873e-02
3.0199999999999873e-02
3.0299999999999872e-02
3.0399999999999872e-02
3.0499999999999871e-02
3.0599999999999870e-02
3.0699999999999870e-02
3.0799999999999869e-02
3.0899999999999869e-02
3.0999999999999868e-02
3.1099999999999867e-02
3.1199999999999867e-02
3.1299999999999870e-02
3.1399999999999872e-02
3.1499999999999875e-02
3.1599999999999878e-02
3.1699999999999881e-02
3.1799999999999884e-02
3.1899999999999887e-02
3.1999999999999890e-02
3.2099999999999893e-02
3.2199999999999895e-02
3.2299999999999898e-02
3.2399999999999901e-02
3.2499999999999904e-02
3.2599999999999907e-02
3.2699999999999910e-02
3.2799999999999913e-02
3.2899999999999915e-02
3.2999999999999918e-02
3.3099999999999921e-02
3.3199999999999924e-02
3.3299999999999927e-02
3.3399999999999930e-02
3.3499999999999933e-02
3.3599999999999935e-02
3.3699999999999938e-02
3.3799999999999941e-02
3.3899999999999944e-02
3.3999999999999947e-02
3.4099999999999950e-02
3.4199999999999953e-02
3.4299999999999956e-02
3.4399999999999958e-02
3.4499999999999961e-02
3.4599999999999964e-02
3.4699999999999967e-02
3.4799999999999970e-02
3.4899999999999973e-02
3.4999999999999976e-02
3.5099999999999978e-02
3.5199999999999981e-02
3.5299999999999984e-02
3.5399999999999987e-02
3.5499999999999990e-02
3.5599999999999993e-02
3.5699999999999996e-02
3.5799999999999998e-02
3.5900000000000001e-02
3.6000000000000004e-02
3.6100000000000007e-02
3.6200000000000010e-02
3.6300000000000013e-02
3.6400000000000016e-02
3.6500000000000019e-02
3.6600000000000021e-02
3.6700000000000024e-02
3.6800000000000027e-02
3.6900000000000030e-02
3.7000000000000033e-02
3.7100000000000036e-02
3.7200000000000039e-02
3.7300000000000041e-02
3.7400000000000044e-02
3.7500000000000047e-02
3.7600000000000050e-02
3.7700000000000053e-02
3.7800000000000056e-02
3.7900000000000059e-02
3.8000000000000062e-02
3.8100000000000064e-02
3.8200000000000067e-02
3.8300000000000070e-02
3.8400000000000073e-02
3.8500000000000076e-02
3.8600000000000079e-02
3.8700000000000082e-02
3.8800000000000084e-02
3.8900000000000087e-02
3.9000000000000090e-02
3.9100000000000093e-02
3.9200000000000096e-02
3.9300000000000099e-02
3.9400000000000102e-02
3.9500000000000104e-02
3.9600000000000107e-02
3.9700000000000110e-02
3.9800000000000113e-02
3.9900000000000116e-02
4.0000000000000119e-02
4.0100000000000122e-02
4.0200000000000125e-02
4.0300000000000127e-02
4.0400000000000130e-02
4.0500000000000133e-02
4.0600000000000136e-02
4.0700000000000139e-02
4.0800000000000142e-02
4.0900000000000145e-02
4.1000000000000147e-02
4.1100000000000150e-02
4.1200000000000153e-02
4.1300000000000156e-02
4.1400000000000159e-02
4.1500000000000162e-02
4.1600000000000165e-02
4.1700000000000167e-02
4.1800000000000170e-02
4.1900000000000173e-02
4.2000000000000176e-02
4.2100000000000179e-02
4.2200000000000182e-02
4.2300000000000185e-02
4.2400000000000188e-02
4.2500000000000190e-02
4.2600000000000193e-02
4.2700000000000196e-02
4.2800000000000199e-02
4.2900000000000202e-02
4.3000000000000205e-02
4.3100000000000208e-02
4.3200000000000210e-02
4.3300000000000213e-02
4.3400000000000216e-02
4.3500000000000219e-02
4.3600000000000222e-02
4.3700000000000225e-02
4.3800000000000228e-02
4.3900000000000231e-02
4.4000000000000233e-02
4.4100000000000236e-02
4.4200000000000239e-02
4.4300000000000242e-02
4.4400000000000245e-02
4.4500000000000248e-02
4.4600000000000251e-02
4.4700000000000253e-02
4.4800000000000256e-02
4.4900000000000259e-02
4.5000000000000262e-02
4.5100000000000265e-02
4.5200000000000268e-02
4.5300000000000271e-02
4.5400000000000273e-02
4.5500000000000276e-02
4.5600000000000279e-02
4.5700000000000282e-02
4.5800000000000285e-02
4.5900000000000288e-02
4.6000000000000291e-02
4.6100000000000294e-02
4.6200000000000296e-02
4.6300000000000299e-02
4.6400000000000302e-02
4.6500000000000305e-02
4.6600000000000308e-02
4.6700000000000311e-02
4.6800000000000314e-02
4.6900000000000316e-02
4.7000000000000319e-02
4.7100000000000322e-02
4.7200000000000325e-02
4.7300000000000328e-02
4.7400000000000331e-02
4.7500000000000334e-02
4.7600000000000336e-02
4.7700000000000339e-02
4.7800000000000342e-02
4.7900000000000345e-02
4.8000000000000348e-02
4.8100000000000351e-02
4.8200000000000354e-02
4.8300000000000357e-02
4.8400000000000359e-02
4.8500000000000362e-02
4.8600000000000365e-02
4.8700000000000368e-02
4.8800000000000371e-02
4.8900000000000374e-02
4.9000000000000377e-02
4.9100000000000379e-02
4.9200000000000382e-02
4.9300000000000385e-02
4.9400000000000388e-02
4.9500000000000391e-02
4.9600000000000394e-02
4.9700000000000397e-02
4.9800000000000400e-02
4.9900000000000402e-02
5.0000000000000405e-02
5.0100000000000408e-02
5.0200000000000411e-02
5.0300000000000414e-02
5.0400000000000417e-02
5.0500000000000420e-02
5.0600000000000422e-02
5.0700000000000425e-02
5.0800000000000428e-02
5.0900000000000431e-02
5.1000000000000434e-02
5.1100000000000437e-02
5.1200000000000440e-02
5.1300000000000442e-02
5.1400000000000445e-02
5.1500000000000448e-02
5.1600000000000451e-02
5.1700000000000454e-02
5.1800000000000457e-02
5.1900000000000460e-02
5.2000000000000463e-02
5.2100000000000465e-02
5.2200000000000468e-02
5.2300000000000471e-02
5.2400000000000474e-02
5.2500000000000477e-02
5.2600000000000480e-02
5.2700000000000483e-02
5.2800000000000485e-02
5.2900000000000488e-02
5.3000000000000491e-02
5.3100000000000494e-02
5.3200000000000497e-02
5.3300000000000500e-02
5.3400000000000503e-02
5.3500000000000505e-02
5.3600000000000508e-02
5.3700000000000511e-02
5.3800000000000514e-02
5.3900000000000517e-02
5.4000000000000520e-02
5.4100000000000523e-02
5.4200000000000526e-02
5.4300000000000528e-02
5.4400000000000531e-02
5.4500000000000534e-02
5.4600000000000537e-02
5.4700000000000540e-02
5.4800000000000543e-02
5.4900000000000546e-02
5.5000000000000548e-02
5.5100000000000551e-02
5.5200000000000554e-02
5.5300000000000557e-02
5.5400000000000560e-02
5.5500000000000563e-02
5.5600000000000566e-02
5.5700000000000569e-02
5.5800000000000571e-02
5.5900000000000574e-02
5.6000000000000577e-02
5.6100000000000580e-02
5.6200000000000583e-02
5.6300000000000586e-02
5.6400000000000589e-02
5.6500000000000591e-02
5.6600000000000594e-02
5.6700000000000597e-02
5.6800000000000600e-02
5.6900000000000603e-02
5.7000000000000606e-02
5.7100000000000609e-02
5.7200000000000611e-02
5.7300000000000614e-02
5.7400000000000617e-02
5.7500000000000620e-02
5.7600000000000623e-02
5.7700000000000626e-02
5.7800000000000629e-02
5.7900000000000632e-02
5.8000000000000634e-02
5.8100000000000637e-02
5.8200000000000640e-02
5.8300000000000643e-02
5.8400000000000646e-02
5.8500000000000649e-02
5.8600000000000652e-02
5.8700000000000654e-02
5.8800000000000657e-02
5.8900000000000660e-02
5.9000000000000663e-02
5.9100000000000666e-02
5.9200000000000669e-02
5.9300000000000672e-02
5.9400000000000674e-02
5.9500000000000677e-02
5.9600000000000680e-02
5.9700000000000683e-02
5.9800000000000686e-02
5.9900000000000689e-02
6.0000000000000692e-02
6.0100000000000695e-02
6.0200000000000697e-02
6.0300000000000700e-02
6.0400000000000703e-02
6.0500000000000706e-02
6.0600000000000709e-02
6.0700000000000712e-02
6.0800000000000715e-02
6.0900000000000717e-02
6.1000000000000720e-02
6.1100000000000723e-02
6.1200000000000726e-02
6.1300000000000729e-02
6.1400000000000732e-02
6.1500000000000735e-02
6.1600000000000737e-02
6.1700000000000740e-02
6.1800000000000743e-02
6.1900000000000746e-02
6.2000000000000749e-02
6.2100000000000752e-02
6.2200000000000755e-02
6.2300000000000758e-02
6.2400000000000760e-02
6.2500000000000763e-02
6.2600000000000766e-02
6.2700000000000769e-02
6.2800000000000772e-02
6.2900000000000775e-02
6.3000000000000778e-02
6.3100000000000780e-02
6.3200000000000783e-02
6.3300000000000786e-02
6.3400000000000789e-02
6.3500000000000792e-02
6.3600000000000795e-02
6.3700000000000798e-02
6.3800000000000801e-02
6.3900000000000803e-02
6.4000000000000806e-02
6.4100000000000809e-02
6.4200000000000812e-02
6.4300000000000815e-02
6.4400000000000818e-02
6.4500000000000821e-02
6.4600000000000823e-02
6.4700000000000826e-02
6.4800000000000829e-02
6.4900000000000832e-02
6.5000000000000835e-02
6.5100000000000838e-02
6.5200000000000841e-02
6.5300000000000843e-02
6.5400000000000846e-02
6.5500000000000849e-02
6.5600000000000852e-02
6.5700000000000855e-02
6.5800000000000858e-02
6.5900000000000861e-02
6.6000000000000864e-02
6.6100000000000866e-02
6.6200000000000869e-02
6.6300000000000872e-02
6.6400000000000875e-02
6.6500000000000878e-02
6.6600000000000881e-02
6.6700000000000884e-02
6.6800000000000886e-02
6.6900000000000889e-02
6.7000000000000892e-02
6.7100000000000895e-02
6.7200000000000898e-02
6.7300000000000901e-02
6.7400000000000904e-02
6.7500000000000906e-02
6.7600000000000909e-02
6.7700000000000912e-02
6.7800000000000915e-02
6.7900000000000918e-02
6.8000000000000921e-02
6.8100000000000924e-02
6.8200000000000927e-02
6.8300000000000929e-02
6.8400000000000932e-02
6.8500000000000935e-02
6.8600000000000938e-02
6.8700000000000941e-02
6.8800000000000944e-02
6.8900000000000947e-02
6.9000000000000949e-02
6.9100000000000952e-02
6.9200000000000955e-02
6.9300000000000958e-02
6.9400000000000961e-02
6.9500000000000964e-02
6.9600000000000967e-02
6.9700000000000970e-02
6.9800000000000972e-02
6.9900000000000975e-02
7.0000000000000978e-02
7.0100000000000981e-02
7.0200000000000984e-02
7.0300000000000987e-02
7.0400000000000990e-02
7.0500000000000992e-02
7.0600000000000995e-02
7.0700000000000998e-02
7.0800000000001001e-02
7.0900000000001004e-02
7.1000000000001007e-02
7.1100000000001010e-02
7.1200000000001012e-02
7.1300000000001015e-02
7.1400000000001018e-02
7.1500000000001021e-02
7.1600000000001024e-02
7.1700000000001027e-02
7.1800000000001030e-02
7.1900000000001033e-02
7.2000000000001035e-02
7.2100000000001038e-02
7.2200000000001041e-02
7.2300000000001044e-02
7.2400000000001047e-02
7.2500000000001050e-02
7.2600000000001053e-02
7.2700000000001055e-02
7.2800000000001058e-02
7.2900000000001061e-02
7.3000000000001064e-02
7.3100000000001067e-02
7.3200000000001070e-02
7.3300000000001073e-02
7.3400000000001075e-02
7.3500000000001078e-02
7.3600000000001081e-02
7.3700000000001084e-02
7.3800000000001087e-02
7.3900000000001090e-02
7.4000000000001093e-02
7.4100000000001096e-02
7.4200000000001098e-02
7.4300000000001101e-02
7.4400000000001104e-02
7.4500000000001107e-02
7.4600000000001110e-02
7.4700000000001113e-02
7.4800000000001116e-02
7.4900000000001118e-02
7.5000000000001121e-02
7.5100000000001124e-02
7.5200000000001127e-02
7.5300000000001130e-02
7.5400000000001133e-02
7.5500000000001136e-02
7.5600000000001139e-02
7.5700000000001141e-02
7.5800000000001144e-02
7.5900000000001147e-02
7.6000000000001150e-02
7.6100000000001153e-02
7.6200000000001156e-02
7.6300000000001159e-02
7.6400000000001161e-02
7.6500000000001164e-02
7.6600000000001167e-02
7.6700000000001170e-02
7.6800000000001173e-02
7.6900000000001176e-02
7.7000000000001179e-02
7.7100000000001181e-02
7.7200000000001184e-02
7.7300000000001187e-02
7.7400000000001190e-02
7.7500000000001193e-02
7.7600000000001196e-02
7.7700000000001199e-02
7.7800000000001202e-02
7.7900000000001204e-02
7.8000000000001207e-02
7.8100000000001210e-02
7.8200000000001213e-02
7.8300000000001216e-02
7.8400000000001219e-02
7.8500000000001222e-02
7.8600000000001224e-02
7.8700000000001227e-02
7.8800000000001230e-02
7.8900000000001233e-02
7.9000000000001236e-02
7.9100000000001239e-02
7.9200000000001242e-02
7.9300000000001244e-02
7.9400000000001247e-02
7.9500000000001250e-02
7.9600000000001253e-02
7.9700000000001256e-02
7.9800000000001259e-02
7.9900000000001262e-02
8.0000000000001265e-02
8.0100000000001267e-02
8.0200000000001270e-02
8.0300000000001273e-02
8.0400000000001276e-02
8.0500000000001279e-02
8.0600000000001282e-02
8.0700000000001285e-02
8.0800000000001287e-02
8.0900000000001290e-02
8.1000000000001293e-02
8.1100000000001296e-02
8.1200000000001299e-02
8.1300000000001302e-02
8.1400000000001305e-02
8.1500000000001308e-02
8.1600000000001310e-02
8.1700000000001313e-02
8.1800000000001316e-02
8.1900000000001319e-02
8.2000000000001322e-02
8.2100000000001325e-02
8.2200000000001328e-02
8.2300000000001330e-02
8.2400000000001333e-02
8.2500000000001336e-02
8.2600000000001339e-02
8.2700000000001342e-02
8.2800000000001345e-02
8.2900000000001348e-02
8.3000000000001350e-02
8.3100000000001353e-02
8.3200000000001356e-02
8.3300000000001359e-02
8.3400000000001362e-02
8.3500000000001365e-02
8.3600000000001368e-02
8.3700000000001371e-02
8.3800000000001373e-02
8.3900000000001376e-02
8.4000000000001379e-02
8.4100000000001382e-02
8.4200000000001385e-02
8.4300000000001388e-02
8.4400000000001391e-02
8.4500000000001393e-02
8.4600000000001396e-02
8.4700000000001399e-02
8.4800000000001402e-02
8.4900000000001405e-02
8.5000000000001408e-02
8.5100000000001411e-02
8.5200000000001413e-02
8.5300000000001416e-02
8.5400000000001419e-02
8.5500000000001422e-02
8.5600000000001425e-02
8.5700000000001428e-02
8.5800000000001431e-02
8.5900000000001434e-02
8.6000000000001436e-02
8.6100000000001439e-02
8.6200000000001442e-02
8.6300000000001445e-02
8.6400000000001448e-02
8.6500000000001451e-02
8.6600000000001454e-02
8.6700000000001456e-02
8.6800000000001459e-02
8.6900000000001462e-02
8.7000000000001465e-02
8.7100000000001468e-02
8.7200000000001471e-02
8.7300000000001474e-02
8.7400000000001477e-02
8.7500000000001479e-02
8.7600000000001482e-02
8.7700000000001485e-02
8.7800000000001488e-02
8.7900000000001491e-02
8.8000000000001494e-02
8.8100000000001497e-02
8.8200000000001499e-02
8.8300000000001502e-02
8.8400000000001505e-02
8.8500000000001508e-02
8.8600000000001511e-02
8.8700000000001514e-02
8.8800000000001517e-02
8.8900000000001519e-02
8.9000000000001522e-02
8.9100000000001525e-02
8.9200000000001528e-02
8.9300000000001531e-02
8.9400000000001534e-02
8.9500000000001537e-02
8.9600000000001540e-02
8.9700000000001542e-02
8.9800000000001545e-02
8.9900000000001548e-02
9.0000000000001551e-02
9.0100000000001554e-02
9.0200000000001557e-02
9.0300000000001560e-02
9.0400000000001562e-02
9.0500000000001565e-02
9.0600000000001568e-02
9.0700000000001571e-02
9.0800000000001574e-02
9.0900000000001577e-02
9.1000000000001580e-02
9.1100000000001582e-02
9.1200000000001585e-02
9.1300000000001588e-02
9.1400000000001591e-02
9.1500000000001594e-02
9.1600000000001597e-02
9.1700000000001600e-02
9.1800000000001603e-02
9.1900000000001605e-02
9.2000000000001608e-02
9.2100000000001611e-02
9.2200000000001614e-02
9.2300000000001617e-02
9.2400000000001620e-02
9.2500000000001623e-02
9.2600000000001625e-02
9.2700000000001628e-02
9.2800000000001631e-02
9.2900000000001634e-02
9.3000000000001637e-02
9.3100000000001640e-02
9.3200000000001643e-02
9.3300000000001646e-02
9.3400000000001648e-02
9.3500000000001651e-02
9.3600000000001654e-02
9.3700000000001657e-02
9.3800000000001660e-02
9.3900000000001663e-02
9.4000000000001666e-02
9.4100000000001668e-02
9.4200000000001671e-02
9.4300000000001674e-02
9.4400000000001677e-02
9.4500000000001680e-02
9.4600000000001683e-02
9.4700000000001686e-02
9.4800000000001688e-02
9.4900000000001691e-02
9.5000000000001694e-02
9.5100000000001697e-02
9.5200000000001700e-02
9.5300000000001703e-02
9.5400000000001706e-02
9.5500000000001709e-02
9.5600000000001711e-02
9.5700000000001714e-02
9.5800000000001717e-02
9.5900000000001720e-02
9.6000000000001723e-02
9.6100000000001726e-02
9.6200000000001729e-02
9.6300000000001731e-02
9.6400000000001734e-02
9.6500000000001737e-02
9.6600000000001740e-02
9.6700000000001743e-02
9.6800000000001746e-02
9.6900000000001749e-02
9.7000000000001751e-02
9.7100000000001754e-02
9.7200000000001757e-02
9.7300000000001760e-02
9.7400000000001763e-02
9.7500000000001766e-02
9.7600000000001769e-02
9.7700000000001772e-02
9.7800000000001774e-02
9.7900000000001777e-02
9.8000000000001780e-02
9.8100000000001783e-02
9.8200000000001786e-02
9.8300000000001789e-02
9.8400000000001792e-02
9.8500000000001794e-02
9.8600000000001797e-02
9.8700000000001800e-02
9.8800000000001803e-02
9.8900000000001806e-02
9.9000000000001809e-02
9.9100000000001812e-02
9.9200000000001815e-02
9.9300000000001817e-02
9.9400000000001820e-02
9.9500000000001823e-02
9.9600000000001826e-02
9.9700000000001829e-02
9.9800000000001832e-02
9.9900000000001835e-02
