3.3000000000000000e-04	0.0000000000000000e+00	0.0000000000000000e+00
3.3001313000000001e-04	0.0000000000000000e+00	-0.0000000000000000e+00
3.3002626000000002e-04	0.0000000000000000e+00	-0.0000000000000000e+00
3.3003939000000003e-04	0.0000000000000000e+00	-0.0000000000000000e+00
3.3005252000000004e-04	0.0000000000000000e+00	-0.0000000000000000e+00
3.3006565000000005e-04	0.0000000000000000e+00	-0.0000000000000000e+00
3.3007878000000006e-04	0.0000000000000000e+00	-0.0000000000000000e+00
3.3009191000000007e-04	0.0000000000000000e+00	-0.0000000000000000e+00
3.3010504000000008e-04	0.0000000000000000e+00	-0.0000000000000000e+00
3.3011817000000009e-04	0.0000000000000000e+00	-0.0000000000000000e+00
3.3013130000000010e-04	0.0000000000000000e+00	-0.0000000000000000e+00
3.3014443000000011e-04	0.0000000000000000e+00	-0.0000000000000000e+00
3.3015756000000012e-04	0.0000000000000000e+00	-0.0000000000000000e+00
3.3017069000000013e-04	0.0000000000000000e+00	-0.0000000000000000e+00
3.3018382000000015e-04	0.0000000000000000e+00	-0.0000000000000000e+00
3.3019695000000016e-04	0.0000000000000000e+00	-0.0000000000000000e+00
3.3021008000000017e-04	0.0000000000000000e+00	-0.0000000000000000e+00
3.3022321000000018e-04	0.0000000000000000e+00	-0.0000000000000000e+00
3.3023634000000019e-04	0.0000000000000000e+00	-0.0000000000000000e+00
3.3024947000000020e-04	0.0000000000000000e+00	-0.0000000000000000e+00
3.3026260000000021e-04	0.0000000000000000e+00	-0.0000000000000000e+00
3.3027573000000022e-04	0.0000000000000000e+00	-0.0000000000000000e+00
3.3028886000000023e-04	0.0000000000000000e+00	-0.0000000000000000e+00
3.3030199000000024e-04	0.0000000000000000e+00	-0.0000000000000000e+00
3.3031512000000025e-04	0.0000000000000000e+00	-0.0000000000000000e+00
3.3032825000000026e-04	0.0000000000000000e+00	-0.0000000000000000e+00
3.3034138000000027e-04	0.0000000000000000e+00	-0.0000000000000000e+00
3.3035451000000028e-04	0.0000000000000000e+00	-0.0000000000000000e+00
3.3036764000000029e-04	0.0000000000000000e+00	-0.0000000000000000e+00
3.3038077000000030e-04	0.0000000000000000e+00	-0.0000000000000000e+00
3.3039390000000031e-04	0.0000000000000000e+00	-0.0000000000000000e+00
3.3040703000000032e-04	0.0000000000000000e+00	-0.0000000000000000e+00
3.3042016000000033e-04	0.0000000000000000e+00	-0.0000000000000000e+00
3.3043329000000034e-04	0.0000000000000000e+00	-0.0000000000000000e+00
3.3044642000000036e-04	0.0000000000000000e+00	-0.0000000000000000e+00
3.3045955000000037e-04	0.0000000000000000e+00	-0.0000000000000000e+00
3.3047268000000038e-04	0.0000000000000000e+00	-0.0000000000000000e+00
3.3048581000000039e-04	0.0000000000000000e+00	-0.0000000000000000e+00
3.3049894000000040e-04	0.0000000000000000e+00	-0.0000000000000000e+00
3.3051207000000041e-04	0.0000000000000000e+00	-0.0000000000000000e+00
3.3052520000000042e-04	0.0000000000000000e+00	-0.0000000000000000e+00
3.3053833000000043e-04	0.0000000000000000e+00	-0.0000000000000000e+00
3.3055146000000044e-04	0.0000000000000000e+00	-0.0000000000000000e+00
3.3056459000000045e-04	0.0000000000000000e+00	-0.0000000000000000e+00
3.3057772000000046e-04	0.0000000000000000e+00	-0.0000000000000000e+00
3.3059085000000047e-04	0.0000000000000000e+00	-0.0000000000000000e+00
3.3060398000000048e-04	0.0000000000000000e+00	-0.0000000000000000e+00
3.3061711000000049e-04	0.0000000000000000e+00	-0.0000000000000000e+00
3.3063024000000050e-04	0.0000000000000000e+00	-0.0000000000000000e+00
3.3064337000000051e-04	0.0000000000000000e+00	-0.0000000000000000e+00
3.3065650000000052e-04	0.0000000000000000e+00	-0.0000000000000000e+00
3.3066963000000053e-04	0.0000000000000000e+00	0.0000000000000000e+00
3.3068276000000054e-04	0.0000000000000000e+00	0.0000000000000000e+00
3.3069589000000055e-04	0.0000000000000000e+00	0.0000000000000000e+00
3.3070902000000056e-04	0.0000000000000000e+00	0.0000000000000000e+00
3.3072215000000058e-04	0.0000000000000000e+00	0.0000000000000000e+00
3.3073528000000059e-04	0.0000000000000000e+00	0.0000000000000000e+00
3.3074841000000060e-04	0.0000000000000000e+00	0.0000000000000000e+00
3.3076154000000061e-04	0.0000000000000000e+00	0.0000000000000000e+00
3.3077467000000062e-04	0.0000000000000000e+00	0.0000000000000000e+00
3.3078780000000063e-04	0.0000000000000000e+00	0.0000000000000000e+00
3.3080093000000064e-04	0.0000000000000000e+00	0.0000000000000000e+00
3.3081406000000065e-04	0.0000000000000000e+00	0.0000000000000000e+00
3.3082719000000066e-04	0.0000000000000000e+00	0.0000000000000000e+00
3.3084032000000067e-04	0.0000000000000000e+00	0.0000000000000000e+00
3.3085345000000068e-04	0.0000000000000000e+00	0.0000000000000000e+00
3.3086658000000069e-04	0.0000000000000000e+00	0.0000000000000000e+00
3.3087971000000070e-04	0.0000000000000000e+00	0.0000000000000000e+00
3.3089284000000071e-04	0.0000000000000000e+00	0.0000000000000000e+00
3.3090597000000072e-04	0.0000000000000000e+00	0.0000000000000000e+00
3.3091910000000073e-04	0.0000000000000000e+00	0.0000000000000000e+00
3.3093223000000074e-04	0.0000000000000000e+00	0.0000000000000000e+00
3.3094536000000075e-04	0.0000000000000000e+00	0.0000000000000000e+00
3.3095849000000076e-04	0.0000000000000000e+00	0.0000000000000000e+00
3.3097162000000077e-04	0.0000000000000000e+00	0.0000000000000000e+00
3.3098475000000079e-04	0.0000000000000000e+00	0.0000000000000000e+00
3.3099788000000080e-04	0.0000000000000000e+00	0.0000000000000000e+00
3.3101101000000081e-04	0.0000000000000000e+00	0.0000000000000000e+00
3.3102414000000082e-04	0.0000000000000000e+00	0.0000000000000000e+00
3.3103727000000083e-04	0.0000000000000000e+00	0.0000000000000000e+00
3.3105040000000084e-04	0.0000000000000000e+00	0.0000000000000000e+00
3.3106353000000085e-04	0.0000000000000000e+00	0.0000000000000000e+00
3.3107666000000086e-04	0.0000000000000000e+00	0.0000000000000000e+00
3.3108979000000087e-04	0.0000000000000000e+00	0.0000000000000000e+00
3.3110292000000088e-04	0.0000000000000000e+00	0.0000000000000000e+00
3.3111605000000089e-04	0.0000000000000000e+00	0.0000000000000000e+00
3.3112918000000090e-04	0.0000000000000000e+00	0.0000000000000000e+00
3.3114231000000091e-04	0.0000000000000000e+00	0.0000000000000000e+00
3.3115544000000092e-04	0.0000000000000000e+00	0.0000000000000000e+00
3.3116857000000093e-04	0.0000000000000000e+00	0.0000000000000000e+00
3.3118170000000094e-04	0.0000000000000000e+00	0.0000000000000000e+00
3.3119483000000095e-04	0.0000000000000000e+00	0.0000000000000000e+00
3.3120796000000096e-04	0.0000000000000000e+00	0.0000000000000000e+00
3.3122109000000097e-04	0.0000000000000000e+00	0.0000000000000000e+00
3.3123422000000098e-04	0.0000000000000000e+00	0.0000000000000000e+00
3.3124735000000100e-04	0.0000000000000000e+00	0.0000000000000000e+00
3.3126048000000101e-04	0.0000000000000000e+00	0.0000000000000000e+00
3.3127361000000102e-04	0.0000000000000000e+00	0.0000000000000000e+00
3.3128674000000103e-04	0.0000000000000000e+00	0.0000000000000000e+00
3.3129987000000104e-04	0.0000000000000000e+00	0.0000000000000000e+00
3.3131300000000105e-04	0.0000000000000000e+00	0.0000000000000000e+00
3.3132613000000106e-04	0.0000000000000000e+00	-0.0000000000000000e+00
3.3133926000000107e-04	0.0000000000000000e+00	-0.0000000000000000e+00
3.3135239000000108e-04	0.0000000000000000e+00	-0.0000000000000000e+00
3.3136552000000109e-04	0.0000000000000000e+00	-0.0000000000000000e+00
3.3137865000000110e-04	0.0000000000000000e+00	-0.0000000000000000e+00
3.3139178000000111e-04	0.0000000000000000e+00	-0.0000000000000000e+00
3.3140491000000112e-04	0.0000000000000000e+00	-0.0000000000000000e+00
3.3141804000000113e-04	0.0000000000000000e+00	-0.0000000000000000e+00
3.3143117000000114e-04	0.0000000000000000e+00	-0.0000000000000000e+00
3.3144430000000115e-04	0.0000000000000000e+00	-0.0000000000000000e+00
3.3145743000000116e-04	0.0000000000000000e+00	-0.0000000000000000e+00
3.3147056000000117e-04	0.0000000000000000e+00	-0.0000000000000000e+00
3.3148369000000118e-04	0.0000000000000000e+00	-0.0000000000000000e+00
3.3149682000000119e-04	0.0000000000000000e+00	-0.0000000000000000e+00
3.3150995000000121e-04	0.0000000000000000e+00	-0.0000000000000000e+00
3.3152308000000122e-04	0.0000000000000000e+00	-0.0000000000000000e+00
3.3153621000000123e-04	0.0000000000000000e+00	-0.0000000000000000e+00
3.3154934000000124e-04	0.0000000000000000e+00	-0.0000000000000000e+00
3.3156247000000125e-04	0.0000000000000000e+00	-0.0000000000000000e+00
3.3157560000000126e-04	0.0000000000000000e+00	-0.0000000000000000e+00
3.3158873000000127e-04	0.0000000000000000e+00	-0.0000000000000000e+00
3.3160186000000128e-04	0.0000000000000000e+00	-0.0000000000000000e+00
3.3161499000000129e-04	0.0000000000000000e+00	-0.0000000000000000e+00
3.3162812000000130e-04	0.0000000000000000e+00	-0.0000000000000000e+00
3.3164125000000131e-04	0.0000000000000000e+00	-0.0000000000000000e+00
3.3165438000000132e-04	0.0000000000000000e+00	-0.0000000000000000e+00
3.3166751000000133e-04	0.0000000000000000e+00	-0.0000000000000000e+00
3.3168064000000134e-04	0.0000000000000000e+00	-0.0000000000000000e+00
3.3169377000000135e-04	0.0000000000000000e+00	-0.0000000000000000e+00
3.3170690000000136e-04	0.0000000000000000e+00	-0.0000000000000000e+00
3.3172003000000137e-04	0.0000000000000000e+00	-0.0000000000000000e+00
3.3173316000000138e-04	0.0000000000000000e+00	-0.0000000000000000e+00
3.3174629000000139e-04	0.0000000000000000e+00	-0.0000000000000000e+00
3.3175942000000140e-04	0.0000000000000000e+00	-0.0000000000000000e+00
3.3177255000000141e-04	0.0000000000000000e+00	-0.0000000000000000e+00
3.3178568000000143e-04	0.0000000000000000e+00	-0.0000000000000000e+00
3.3179881000000144e-04	0.0000000000000000e+00	-0.0000000000000000e+00
3.3181194000000145e-04	0.0000000000000000e+00	-0.0000000000000000e+00
3.3182507000000146e-04	0.0000000000000000e+00	-0.0000000000000000e+00
3.3183820000000147e-04	0.0000000000000000e+00	-0.0000000000000000e+00
3.3185133000000148e-04	0.0000000000000000e+00	-0.0000000000000000e+00
3.3186446000000149e-04	0.0000000000000000e+00	-0.0000000000000000e+00
3.3187759000000150e-04	0.0000000000000000e+00	-0.0000000000000000e+00
3.3189072000000151e-04	0.0000000000000000e+00	-0.0000000000000000e+00
3.3190385000000152e-04	0.0000000000000000e+00	-0.0000000000000000e+00
3.3191698000000153e-04	0.0000000000000000e+00	-0.0000000000000000e+00
3.3193011000000154e-04	0.0000000000000000e+00	-0.0000000000000000e+00
3.3194324000000155e-04	0.0000000000000000e+00	-0.0000000000000000e+00
3.3195637000000156e-04	0.0000000000000000e+00	-0.0000000000000000e+00
3.3196950000000157e-04	0.0000000000000000e+00	-0.0000000000000000e+00
3.3198263000000158e-04	0.0000000000000000e+00	0.0000000000000000e+00
3.3199576000000159e-04	0.0000000000000000e+00	0.0000000000000000e+00
3.3200889000000160e-04	0.0000000000000000e+00	0.0000000000000000e+00
3.3202202000000161e-04	0.0000000000000000e+00	0.0000000000000000e+00
3.3203515000000162e-04	0.0000000000000000e+00	0.0000000000000000e+00
3.3204828000000164e-04	0.0000000000000000e+00	0.0000000000000000e+00
3.3206141000000165e-04	0.0000000000000000e+00	0.0000000000000000e+00
3.3207454000000166e-04	0.0000000000000000e+00	0.0000000000000000e+00
3.3208767000000167e-04	0.0000000000000000e+00	0.0000000000000000e+00
3.3210080000000168e-04	0.0000000000000000e+00	0.0000000000000000e+00
3.3211393000000169e-04	0.0000000000000000e+00	0.0000000000000000e+00
3.3212706000000170e-04	0.0000000000000000e+00	0.0000000000000000e+00
3.3214019000000171e-04	0.0000000000000000e+00	0.0000000000000000e+00
3.3215332000000172e-04	0.0000000000000000e+00	0.0000000000000000e+00
3.3216645000000173e-04	0.0000000000000000e+00	0.0000000000000000e+00
3.3217958000000174e-04	0.0000000000000000e+00	0.0000000000000000e+00
3.3219271000000175e-04	0.0000000000000000e+00	0.0000000000000000e+00
3.3220584000000176e-04	0.0000000000000000e+00	0.0000000000000000e+00
3.3221897000000177e-04	0.0000000000000000e+00	0.0000000000000000e+00
3.3223210000000178e-04	0.0000000000000000e+00	0.0000000000000000e+00
3.3224523000000179e-04	0.0000000000000000e+00	0.0000000000000000e+00
3.3225836000000180e-04	0.0000000000000000e+00	0.0000000000000000e+00
3.3227149000000181e-04	0.0000000000000000e+00	0.0000000000000000e+00
3.3228462000000182e-04	0.0000000000000000e+00	0.0000000000000000e+00
3.3229775000000183e-04	0.0000000000000000e+00	0.0000000000000000e+00
3.3231088000000185e-04	0.0000000000000000e+00	0.0000000000000000e+00
3.3232401000000186e-04	0.0000000000000000e+00	0.0000000000000000e+00
3.3233714000000187e-04	0.0000000000000000e+00	0.0000000000000000e+00
3.3235027000000188e-04	0.0000000000000000e+00	0.0000000000000000e+00
3.3236340000000189e-04	0.0000000000000000e+00	0.0000000000000000e+00
3.3237653000000190e-04	0.0000000000000000e+00	0.0000000000000000e+00
3.3238966000000191e-04	0.0000000000000000e+00	0.0000000000000000e+00
3.3240279000000192e-04	0.0000000000000000e+00	0.0000000000000000e+00
3.3241592000000193e-04	0.0000000000000000e+00	0.0000000000000000e+00
3.3242905000000194e-04	0.0000000000000000e+00	0.0000000000000000e+00
3.3244218000000195e-04	0.0000000000000000e+00	0.0000000000000000e+00
3.3245531000000196e-04	0.0000000000000000e+00	0.0000000000000000e+00
3.3246844000000197e-04	0.0000000000000000e+00	0.0000000000000000e+00
3.3248157000000198e-04	0.0000000000000000e+00	0.0000000000000000e+00
3.3249470000000199e-04	0.0000000000000000e+00	0.0000000000000000e+00
3.3250783000000200e-04	0.0000000000000000e+00	0.0000000000000000e+00
3.3252096000000201e-04	0.0000000000000000e+00	0.0000000000000000e+00
3.3253409000000202e-04	0.0000000000000000e+00	0.0000000000000000e+00
3.3254722000000203e-04	0.0000000000000000e+00	0.0000000000000000e+00
3.3256035000000204e-04	0.0000000000000000e+00	0.0000000000000000e+00
3.3257348000000206e-04	0.0000000000000000e+00	0.0000000000000000e+00
3.3258661000000207e-04	0.0000000000000000e+00	0.0000000000000000e+00
3.3259974000000208e-04	0.0000000000000000e+00	0.0000000000000000e+00
3.3261287000000209e-04	0.0000000000000000e+00	0.0000000000000000e+00
3.3262600000000210e-04	0.0000000000000000e+00	0.0000000000000000e+00
3.3263913000000211e-04	0.0000000000000000e+00	-0.0000000000000000e+00
3.3265226000000212e-04	0.0000000000000000e+00	-0.0000000000000000e+00
3.3266539000000213e-04	0.0000000000000000e+00	-0.0000000000000000e+00
3.3267852000000214e-04	0.0000000000000000e+00	-0.0000000000000000e+00
3.3269165000000215e-04	0.0000000000000000e+00	-0.0000000000000000e+00
3.3270478000000216e-04	0.0000000000000000e+00	-0.0000000000000000e+00
3.3271791000000217e-04	0.0000000000000000e+00	-0.0000000000000000e+00
3.3273104000000218e-04	0.0000000000000000e+00	-0.0000000000000000e+00
3.3274417000000219e-04	0.0000000000000000e+00	-0.0000000000000000e+00
3.3275730000000220e-04	0.0000000000000000e+00	-0.0000000000000000e+00
3.3277043000000221e-04	0.0000000000000000e+00	-0.0000000000000000e+00
3.3278356000000222e-04	0.0000000000000000e+00	-0.0000000000000000e+00
3.3279669000000223e-04	0.0000000000000000e+00	-0.0000000000000000e+00
3.3280982000000224e-04	0.0000000000000000e+00	-0.0000000000000000e+00
3.3282295000000225e-04	0.0000000000000000e+00	-0.0000000000000000e+00
3.3283608000000226e-04	0.0000000000000000e+00	-0.0000000000000000e+00
3.3284921000000228e-04	0.0000000000000000e+00	-0.0000000000000000e+00
3.3286234000000229e-04	0.0000000000000000e+00	-0.0000000000000000e+00
3.3287547000000230e-04	0.0000000000000000e+00	-0.0000000000000000e+00
3.3288860000000231e-04	0.0000000000000000e+00	-0.0000000000000000e+00
3.3290173000000232e-04	0.0000000000000000e+00	-0.0000000000000000e+00
3.3291486000000233e-04	0.0000000000000000e+00	-0.0000000000000000e+00
3.3292799000000234e-04	0.0000000000000000e+00	-0.0000000000000000e+00
3.3294112000000235e-04	0.0000000000000000e+00	-0.0000000000000000e+00
3.3295425000000236e-04	0.0000000000000000e+00	-0.0000000000000000e+00
3.3296738000000237e-04	0.0000000000000000e+00	-0.0000000000000000e+00
3.3298051000000238e-04	0.0000000000000000e+00	-0.0000000000000000e+00
3.3299364000000239e-04	0.0000000000000000e+00	-0.0000000000000000e+00
3.3300677000000240e-04	0.0000000000000000e+00	-0.0000000000000000e+00
3.3301990000000241e-04	0.0000000000000000e+00	-0.0000000000000000e+00
3.3303303000000242e-04	0.0000000000000000e+00	-0.0000000000000000e+00
3.3304616000000243e-04	0.0000000000000000e+00	-0.0000000000000000e+00
3.3305929000000244e-04	0.0000000000000000e+00	-0.0000000000000000e+00
3.3307242000000245e-04	0.0000000000000000e+00	-0.0000000000000000e+00
3.3308555000000246e-04	0.0000000000000000e+00	-0.0000000000000000e+00
3.3309868000000247e-04	0.0000000000000000e+00	-0.0000000000000000e+00
3.3311181000000249e-04	0.0000000000000000e+00	-0.0000000000000000e+00
3.3312494000000250e-04	0.0000000000000000e+00	-0.0000000000000000e+00
3.3313807000000251e-04	0.0000000000000000e+00	-0.0000000000000000e+00
3.3315120000000252e-04	0.0000000000000000e+00	-0.0000000000000000e+00
3.3316433000000253e-04	0.0000000000000000e+00	-0.0000000000000000e+00
3.3317746000000254e-04	0.0000000000000000e+00	-0.0000000000000000e+00
3.3319059000000255e-04	0.0000000000000000e+00	-0.0000000000000000e+00
3.3320372000000256e-04	0.0000000000000000e+00	-0.0000000000000000e+00
3.3321685000000257e-04	0.0000000000000000e+00	-0.0000000000000000e+00
3.3322998000000258e-04	0.0000000000000000e+00	-0.0000000000000000e+00
3.3324311000000259e-04	0.0000000000000000e+00	-0.0000000000000000e+00
3.3325624000000260e-04	0.0000000000000000e+00	-0.0000000000000000e+00
3.3326937000000261e-04	0.0000000000000000e+00	-0.0000000000000000e+00
3.3328250000000262e-04	0.0000000000000000e+00	-0.0000000000000000e+00
3.3329563000000263e-04	0.0000000000000000e+00	0.0000000000000000e+00
3.3330876000000264e-04	0.0000000000000000e+00	0.0000000000000000e+00
3.3332189000000265e-04	0.0000000000000000e+00	0.0000000000000000e+00
3.3333502000000266e-04	0.0000000000000000e+00	0.0000000000000000e+00
3.3334815000000267e-04	0.0000000000000000e+00	0.0000000000000000e+00
3.3336128000000268e-04	0.0000000000000000e+00	0.0000000000000000e+00
3.3337441000000270e-04	0.0000000000000000e+00	0.0000000000000000e+00
3.3338754000000271e-04	0.0000000000000000e+00	0.0000000000000000e+00
3.3340067000000272e-04	0.0000000000000000e+00	0.0000000000000000e+00
3.3341380000000273e-04	0.0000000000000000e+00	0.0000000000000000e+00
3.3342693000000274e-04	0.0000000000000000e+00	0.0000000000000000e+00
3.3344006000000275e-04	0.0000000000000000e+00	0.0000000000000000e+00
3.3345319000000276e-04	0.0000000000000000e+00	0.0000000000000000e+00
3.3346632000000277e-04	0.0000000000000000e+00	0.0000000000000000e+00
3.3347945000000278e-04	0.0000000000000000e+00	0.0000000000000000e+00
3.3349258000000279e-04	0.0000000000000000e+00	0.0000000000000000e+00
3.3350571000000280e-04	0.0000000000000000e+00	0.0000000000000000e+00
3.3351884000000281e-04	0.0000000000000000e+00	0.0000000000000000e+00
3.3353197000000282e-04	0.0000000000000000e+00	0.0000000000000000e+00
3.3354510000000283e-04	0.0000000000000000e+00	0.0000000000000000e+00
3.3355823000000284e-04	0.0000000000000000e+00	0.0000000000000000e+00
3.3357136000000285e-04	0.0000000000000000e+00	0.0000000000000000e+00
3.3358449000000286e-04	0.0000000000000000e+00	0.0000000000000000e+00
3.3359762000000287e-04	0.0000000000000000e+00	0.0000000000000000e+00
3.3361075000000288e-04	0.0000000000000000e+00	0.0000000000000000e+00
3.3362388000000289e-04	0.0000000000000000e+00	0.0000000000000000e+00
3.3363701000000291e-04	0.0000000000000000e+00	0.0000000000000000e+00
3.3365014000000292e-04	0.0000000000000000e+00	0.0000000000000000e+00
3.3366327000000293e-04	0.0000000000000000e+00	0.0000000000000000e+00
3.3367640000000294e-04	0.0000000000000000e+00	0.0000000000000000e+00
3.3368953000000295e-04	0.0000000000000000e+00	0.0000000000000000e+00
3.3370266000000296e-04	0.0000000000000000e+00	0.0000000000000000e+00
3.3371579000000297e-04	0.0000000000000000e+00	0.0000000000000000e+00
3.3372892000000298e-04	0.0000000000000000e+00	0.0000000000000000e+00
3.3374205000000299e-04	0.0000000000000000e+00	0.0000000000000000e+00
3.3375518000000300e-04	0.0000000000000000e+00	0.0000000000000000e+00
3.3376831000000301e-04	0.0000000000000000e+00	0.0000000000000000e+00
3.3378144000000302e-04	0.0000000000000000e+00	0.0000000000000000e+00
3.3379457000000303e-04	0.0000000000000000e+00	0.0000000000000000e+00
3.3380770000000304e-04	0.0000000000000000e+00	0.0000000000000000e+00
3.3382083000000305e-04	0.0000000000000000e+00	0.0000000000000000e+00
3.3383396000000306e-04	0.0000000000000000e+00	0.0000000000000000e+00
3.3384709000000307e-04	0.0000000000000000e+00	0.0000000000000000e+00
3.3386022000000308e-04	0.0000000000000000e+00	0.0000000000000000e+00
3.3387335000000309e-04	0.0000000000000000e+00	0.0000000000000000e+00
3.3388648000000310e-04	0.0000000000000000e+00	0.0000000000000000e+00
3.3389961000000312e-04	0.0000000000000000e+00	0.0000000000000000e+00
3.3391274000000313e-04	0.0000000000000000e+00	0.0000000000000000e+00
3.3392587000000314e-04	0.0000000000000000e+00	0.0000000000000000e+00
3.3393900000000315e-04	0.0000000000000000e+00	0.0000000000000000e+00
3.3395213000000316e-04	0.0000000000000000e+00	-0.0000000000000000e+00
3.3396526000000317e-04	0.0000000000000000e+00	-0.0000000000000000e+00
3.3397839000000318e-04	0.0000000000000000e+00	-0.0000000000000000e+00
3.3399152000000319e-04	0.0000000000000000e+00	-0.0000000000000000e+00
3.3400465000000320e-04	0.0000000000000000e+00	-0.0000000000000000e+00
3.3401778000000321e-04	0.0000000000000000e+00	-0.0000000000000000e+00
3.3403091000000322e-04	0.0000000000000000e+00	-0.0000000000000000e+00
3.3404404000000323e-04	0.0000000000000000e+00	-0.0000000000000000e+00
3.3405717000000324e-04	0.0000000000000000e+00	-0.0000000000000000e+00
3.3407030000000325e-04	0.0000000000000000e+00	-0.0000000000000000e+00
3.3408343000000326e-04	0.0000000000000000e+00	-0.0000000000000000e+00
3.3409656000000327e-04	0.0000000000000000e+00	-0.0000000000000000e+00
3.3410969000000328e-04	0.0000000000000000e+00	-0.0000000000000000e+00
3.3412282000000329e-04	0.0000000000000000e+00	-0.0000000000000000e+00
3.3413595000000330e-04	0.0000000000000000e+00	-0.0000000000000000e+00
3.3414908000000331e-04	0.0000000000000000e+00	-0.0000000000000000e+00
3.3416221000000332e-04	0.0000000000000000e+00	-0.0000000000000000e+00
3.3417534000000334e-04	0.0000000000000000e+00	-0.0000000000000000e+00
3.3418847000000335e-04	0.0000000000000000e+00	-0.0000000000000000e+00
3.3420160000000336e-04	0.0000000000000000e+00	-0.0000000000000000e+00
3.3421473000000337e-04	0.0000000000000000e+00	-0.0000000000000000e+00
3.3422786000000338e-04	0.0000000000000000e+00	-0.0000000000000000e+00
3.3424099000000339e-04	0.0000000000000000e+00	-0.0000000000000000e+00
3.3425412000000340e-04	0.0000000000000000e+00	-0.0000000000000000e+00
3.3426725000000341e-04	0.0000000000000000e+00	-0.0000000000000000e+00
3.3428038000000342e-04	0.0000000000000000e+00	-0.0000000000000000e+00
3.3429351000000343e-04	0.0000000000000000e+00	-0.0000000000000000e+00
3.3430664000000344e-04	0.0000000000000000e+00	-0.0000000000000000e+00
3.3431977000000345e-04	0.0000000000000000e+00	-0.0000000000000000e+00
3.3433290000000346e-04	0.0000000000000000e+00	-0.0000000000000000e+00
3.3434603000000347e-04	0.0000000000000000e+00	-0.0000000000000000e+00
3.3435916000000348e-04	0.0000000000000000e+00	-0.0000000000000000e+00
3.3437229000000349e-04	0.0000000000000000e+00	-0.0000000000000000e+00
3.3438542000000350e-04	0.0000000000000000e+00	-0.0000000000000000e+00
3.3439855000000351e-04	0.0000000000000000e+00	-0.0000000000000000e+00
3.3441168000000352e-04	0.0000000000000000e+00	-0.0000000000000000e+00
3.3442481000000353e-04	0.0000000000000000e+00	-0.0000000000000000e+00
3.3443794000000355e-04	0.0000000000000000e+00	-0.0000000000000000e+00
3.3445107000000356e-04	0.0000000000000000e+00	-0.0000000000000000e+00
3.3446420000000357e-04	0.0000000000000000e+00	-0.0000000000000000e+00
3.3447733000000358e-04	0.0000000000000000e+00	-0.0000000000000000e+00
3.3449046000000359e-04	0.0000000000000000e+00	-0.0000000000000000e+00
3.3450359000000360e-04	0.0000000000000000e+00	-0.0000000000000000e+00
3.3451672000000361e-04	0.0000000000000000e+00	-0.0000000000000000e+00
3.3452985000000362e-04	0.0000000000000000e+00	-0.0000000000000000e+00
3.3454298000000363e-04	0.0000000000000000e+00	-0.0000000000000000e+00
3.3455611000000364e-04	0.0000000000000000e+00	-0.0000000000000000e+00
3.3456924000000365e-04	0.0000000000000000e+00	-0.0000000000000000e+00
3.3458237000000366e-04	0.0000000000000000e+00	-0.0000000000000000e+00
3.3459550000000367e-04	0.0000000000000000e+00	-0.0000000000000000e+00
3.3460863000000368e-04	0.0000000000000000e+00	0.0000000000000000e+00
3.3462176000000369e-04	0.0000000000000000e+00	0.0000000000000000e+00
3.3463489000000370e-04	0.0000000000000000e+00	0.0000000000000000e+00
3.3464802000000371e-04	0.0000000000000000e+00	0.0000000000000000e+00
3.3466115000000372e-04	0.0000000000000000e+00	0.0000000000000000e+00
3.3467428000000373e-04	0.0000000000000000e+00	0.0000000000000000e+00
3.3468741000000374e-04	0.0000000000000000e+00	0.0000000000000000e+00
3.3470054000000376e-04	0.0000000000000000e+00	0.0000000000000000e+00
3.3471367000000377e-04	0.0000000000000000e+00	0.0000000000000000e+00
3.3472680000000378e-04	0.0000000000000000e+00	0.0000000000000000e+00
3.3473993000000379e-04	0.0000000000000000e+00	0.0000000000000000e+00
3.3475306000000380e-04	0.0000000000000000e+00	0.0000000000000000e+00
3.3476619000000381e-04	0.0000000000000000e+00	0.0000000000000000e+00
3.3477932000000382e-04	0.0000000000000000e+00	0.0000000000000000e+00
3.3479245000000383e-04	0.0000000000000000e+00	0.0000000000000000e+00
3.3480558000000384e-04	0.0000000000000000e+00	0.0000000000000000e+00
3.3481871000000385e-04	0.0000000000000000e+00	0.0000000000000000e+00
3.3483184000000386e-04	0.0000000000000000e+00	0.0000000000000000e+00
3.3484497000000387e-04	0.0000000000000000e+00	0.0000000000000000e+00
3.3485810000000388e-04	0.0000000000000000e+00	0.0000000000000000e+00
3.3487123000000389e-04	0.0000000000000000e+00	0.0000000000000000e+00
3.3488436000000390e-04	0.0000000000000000e+00	0.0000000000000000e+00
3.3489749000000391e-04	0.0000000000000000e+00	0.0000000000000000e+00
3.3491062000000392e-04	0.0000000000000000e+00	0.0000000000000000e+00
3.3492375000000393e-04	0.0000000000000000e+00	0.0000000000000000e+00
3.3493688000000394e-04	0.0000000000000000e+00	0.0000000000000000e+00
3.3495001000000395e-04	0.0000000000000000e+00	0.0000000000000000e+00
3.3496314000000397e-04	0.0000000000000000e+00	0.0000000000000000e+00
3.3497627000000398e-04	0.0000000000000000e+00	0.0000000000000000e+00
3.3498940000000399e-04	0.0000000000000000e+00	0.0000000000000000e+00
